1
12
33
2
1
1
0 0.709826021940534 0.5263332299275388 0.0 71.05760381273608 39.474279418587855 7.760461871310093 46.99767462254204 80.427172186785 30.6854763692397 25.302958521927305 65.04229692711469 33.76498643114095 27.840506966939255 48.33287685822003 41.08692766248161 81.97493323690588 54.98446548431099 62.931410092619224 35.72531637291878 4.834943555703244 41.751109663342696 14.101096253041264 68.64830811589992 51.59101269420707 25.311722561266343 46.06016580529151 57.75071706975421 37.587037210098096 33.32896154067044 36.982996878492486 49.90453553615431 28.962537576198304 70.76718171748666 36.047763384577856 37.66962562732569 44.56080585951375 6.833689221913887 30.80537043792476 77.8923729606986 47.78873188844996 41.14227458371039 41.52061500162706 16.129482700184088 67.89914147397369 47.20206144848206 76.36658882707229 47.97116938699364 65.72099909075368 49.8858627536267 26.069185282051873 19.224958208167457 46.09436400394226 56.630665820258784 48.38162565708235 50.961037244663544 48.457737854685945 56.66428419710405 31.034920872335835 34.89042045344751 39.77668736409552 40.42512016100863 2.7795498608186953 42.58322928696682 70.5161370762042 30.88014512039451 23.609891444196997 63.979989638964916 26.66972821841696 35.60230251064643 51.85070669254856 37.26362514566103 44.107239535047746 37.62500407505396 34.696706360109566 49.379792532377756 55.39099867104584 28.366338513876766 62.43858507171978 46.756648861851076 54.24727304516009 45.68492115294866 28.14531016376297 42.15547419482743 64.73755633588488 26.072647512618865 38.78650733670299 25.593041389635424 29.880870110005127 33.05400142350845 31.65993742242648 42.711581580666945 18.33704587106079 37.75117710061232 28.37402603700309 60.67166172822704 44.372002507152416 40.55622584871755 65.54836920167054 51.03501536939731 35.07844388672022 13.739111990894573 61.73479557971707 16.37187244353928 53.210826952682176 27.91597587314146 30.7721851484404 59.40420543449321 36.97233204224795 2.8041120962319424 29.609902065030425 44.47825465630463 38.78565370663227 15.396965717173805 63.51933661477736 27.71833238777625 50.52865947902857 38.42778063759561 25.3117656735649 41.69155944327087 48.035711117398925 42.144020625578726 35.32561608725142 48.63417548108961 39.021394084685056 27.29972103918339 52.527684091381786 60.835123473071484 59.413889412952614 52.26001817965263 41.664235973668404 52.391934003393494 31.14943932066327 31.414742345203546 50.1219148749949 32.71715479196749 62.82941526795101 48.26065116166884 25.285189128191426 48.331346145319785 68.47408171351348 63.580888528000386 23.7893989444515 38.42261537252234 47.23306452023063 51.28248250205027 39.88779971078524
1 0.03788483489349248 0.7574465075871945 71.05760381273608 0.0 99.20683854452882 75.47981446982199 59.3905240212248 69.66258552391398 85.61700570362382 55.86718973948663 6.933080998589097 94.12107844983825 50.19452959110146 24.49374003518323 43.88980390969618 67.66977219290337 16.28392526097083 34.57471042130507 104.84424736645175 72.08016421324943 84.57541895282634 76.95054706458218 16.591433203602993 67.03748013300209 72.21992878454282 46.11116363106666 33.952257120086145 56.923384327309655 38.7360923884536 59.543832692161345 53.78759880421865 43.198184854034864 45.0385143404999 45.521934990469575 94.79575910296357 48.40856896802976 77.29493679590806 58.93782527684041 63.7298860091031 110.58026531324046 79.40883275436195 83.47437931636735 80.63034804989732 20.635556286706684 54.016657161405575 23.22859105555608 103.247349715132 30.672671017058217 21.643828944106264 79.00816568845134 62.4826643865854 52.76427659524939 31.57851804639673 95.14954826627408 74.06215109956626 46.9841666394115 59.35635041715327 40.462418144349606 90.85180233060292 69.7167274762369 31.519935282215666 73.63441354684457 87.71366604198883 11.307465558450687 90.17851669017934 77.5472296627258 64.3146045043816 80.09149888235743 79.55664676977139 114.42893164538039 86.22165652318571 68.38501450961346 66.24234893444924 93.31227673634785 33.95957587397276 19.52162274882628 97.57484279391716 38.941805320739206 72.50897696613048 18.972142609547316 75.74977785102148 55.76913696432252 84.9117736166543 33.260691323340595 91.09500946770157 68.82148805722323 46.75206668978128 65.19981920957218 57.15525022143898 59.520587709899 30.71371819241281 69.43835171120628 65.04829123271837 98.9344443622581 22.587176948554674 37.85744968582037 103.78658090806701 6.954465305154131 84.44651556693084 96.12587748175356 84.71495147653457 47.21574170685631 65.25722221680752 114.27246285093166 92.5091842709938 57.11633597006169 26.899400025847253 86.76593977422948 71.58687799548204 83.37517876996898 27.901928335444687 35.480132531003186 76.61053300476539 68.04716098852653 78.57172984319494 20.610592549052402 57.91847177870913 81.85405810708126 100.5615611164139 87.24676833869692 69.56826285509841 83.80429669106861 39.7151011238178 40.340551168067115 85.17044512580435 97.92474957750049 71.01323891303514 44.425989365737 58.93419885956388 54.072715126125296 54.88602490434407 84.42469608221438 82.48524624487969 68.45640594487169 43.12620957938735 18.471174111455337 81.97280352432938 47.429995714687024 30.355268949557544 39.071664109079094 49.23120006252861 53.706773536995264 62.13781870222569 52.424529378164806 115.6592054552492 40.05634250553361
2 0.8201561181573245 0.1473224867678381 39.474279418587855 99.20683854452882 0.0 43.054928457460626 86.46681581046796 77.11649581731541 13.67930434496306 64.52497216496393 94.6486143589357 60.44040643387538 66.1761536544841 74.71914521724388 57.31917967582181 80.12829592857324 85.03183327872124 77.76218368989962 20.78898632848059 43.0004179312398 76.64185938574954 26.166518551427277 90.97180063098386 47.53733759139523 27.061408070708808 84.78750972035498 94.71691889293233 77.050918713233 61.444032917133484 76.44451403351742 55.72315464226174 63.894214691697435 79.92991680575328 74.21420449213151 5.138365919544141 55.820280364306754 38.87521890265012 41.13855023762519 77.54621863976391 11.716540817421103 27.279199397485836 76.78900536111173 23.407235589242532 101.97069839677448 86.58365703482083 110.43913135969984 9.70166803935634 82.15534884597164 80.95676545727177 61.144674614413105 58.6945572434333 53.685273991179805 74.24927741013123 79.96414149184213 41.35217766944976 59.28014486797565 57.71015410428304 64.62102973816485 8.779753266242766 35.6520171149909 73.31703300051204 37.156013612163036 19.610448156419423 94.74380129128352 9.383273657761263 59.13523236539514 61.726213492423256 61.273399294168065 71.54157961628299 15.302183220686949 16.33776185772661 40.03499353812705 76.65175695305942 62.58739842670224 86.00284404220805 88.1181534110749 44.14024087751022 75.07429586986768 85.18919141347774 80.31896404430377 83.49194663439602 43.57523109549359 76.98045139918518 101.51793348920776 14.256077416168248 77.50279959067936 61.30712068271931 34.996043165969205 43.42290380624645 71.12954723446833 76.61545204810032 30.335426282807177 38.59775107009703 26.47597356408446 81.79693044620323 81.51695995588145 6.933673622367353 92.57449830843306 32.3538258981892 60.505615090455336 35.091504086092854 69.89929796220216 34.99983218628388 15.151698383264693 52.63114904306222 42.796629316065165 94.90883338395167 15.430848056015915 41.50505260506755 15.941276097386764 77.26642517290789 63.74040272653677 25.520538754351165 58.783506317359866 63.19102307543706 79.43999034150345 45.085940536753974 58.6712885280954 2.3432132316055334 26.2207984891445 80.83963586124607 69.48544378330133 86.44699265085919 59.371428854488514 14.297346386678011 21.366637936663487 53.86608989826399 69.40361784709297 54.061843824065605 81.04547784569152 56.95817593171476 64.17850472409296 17.407084662145856 45.09278975386184 69.56281021174634 85.3396265049595 31.618103653542 61.41796931940375 83.7803110750714 80.664760922493 70.49012469318394 62.478448443905876 77.7899624301965 86.53510484325591 17.3359100016262 77.09523775418894
3 0.7702947809142321 0.5749748379785334 7.760461871310093 75.47981446982199 43.054928457460626 0.0 44.43205968449671 88.1747075832685 36.157460213925624 24.846961083923023 69.17202396691839 26.008432789611525 28.7514054656884 53.75809852435475 48.31327401410688 89.69779137671962 59.2266128157912 69.83867363015058 35.350356863858245 3.7378400597741557 35.14384393554778 19.85677718997661 74.40042427244737 59.312230013856436 32.5272406480396 45.71542704384492 58.801701709335575 35.59208089387427 38.99847010872068 34.47181724218092 57.587206016360945 32.439102760841536 78.07210762983502 36.713873764134235 42.06215967271835 52.07736072913737 4.188933910207634 38.557286247040985 85.5942545996826 49.94102401003222 48.13632854529612 35.040823985106705 20.783298541281596 70.34931023974852 45.50667888185369 78.67525929337094 52.14975864937112 72.40218820088951 53.952492896037775 19.258233979525954 17.546048119324386 53.75640801747893 63.33199552292719 41.08123525498397 58.49626651445223 55.93540534057119 64.40954093130739 35.0217736546821 39.77019216167932 47.34527826053123 44.183875069529336 7.786491638211883 48.7761776494976 75.86786095643137 35.277011487585085 16.917083853682442 71.7389296106628 19.708575385280632 29.31654611922841 53.89423749295107 43.26015925468896 51.75704257533218 33.78486098064134 26.94470587635051 50.87396199406326 58.68753478262636 22.286300903782944 69.5662606053243 42.134483654393506 59.564214079885645 40.53186052448118 35.79670990282554 35.53150454784871 65.78241899463963 28.933924312799284 34.4889649977684 28.89375261212585 37.56974109133956 40.78519153438606 29.384691208412526 45.93442568609138 25.775979721723903 45.45665339380361 26.8001503350913 66.78538385147283 45.64633271835072 42.94303439279219 70.36685612393455 57.9974690247455 27.34505667297458 10.709013539051613 69.19724451327947 24.111162042353655 55.67373390993868 20.361559033505326 38.492957601181644 61.32098384266301 42.86012916065254 5.27818902841847 35.417776038306734 48.10744990105971 44.88171337787935 21.407004335453003 71.27242990333257 21.101579512260763 55.239898608369664 46.17757259999202 17.97417028605672 45.36548928368171 54.618615347300704 37.81196501419176 28.404452799678324 49.226526683446366 45.85559225731931 32.445788572844414 58.186253320907745 68.54694544403557 66.78881882183893 60.00968359665385 40.07569863717929 60.090621909115626 23.873777578516716 37.534538698014316 57.81023445350583 34.73259809026158 68.66019583472061 55.30395746098794 28.34455588403429 50.57322865455188 75.56096347233141 71.09415108392766 24.513334908406527 35.371667950682216 45.79705533753364 52.7102513614357 41.27754388470946
4 0.5883747808533634 0.9803461570904327 46.99767462254204 59.3905240212248 86.46681581046796 44.43205968449671 0.0 106.34479094798203 76.95443095555702 22.79086806693738 52.64699381325934 46.34183009405062 23.863637295516497 51.22478520193644 62.72835128362725 106.30742066981796 46.56905685962483 75.29231142148605 79.41087323431506 43.66607410993327 28.914794763195257 60.760693556934505 68.3076239570849 85.41956257702137 68.04785614116919 13.348702904134305 27.259429992142675 9.687837343694584 45.44154779467169 10.033352095799618 76.95515604627622 32.88925832417682 87.02560874981627 19.515150064448825 84.55649955077986 69.24489531838094 48.50867645422462 64.70957086920906 101.73213033733819 94.25323233640668 83.3011622803136 27.73665407955559 63.11454277245252 43.24902919788697 5.405821130793847 49.13237722797062 94.88153875227562 74.9887496908085 42.33450305850536 32.63772870677137 27.773126711343956 73.34276436373253 68.12244638276154 38.78258261929625 88.31556205412711 71.5749026609978 85.10205970773865 35.35087547801511 81.5630983656165 77.98584907522445 36.12787064293406 49.33660551971635 87.27959339490873 66.33666434913617 77.80884210926732 33.00600410673731 92.82647704214384 33.37118224173965 26.555810908737193 98.24628878532185 82.57632428499677 80.57827992922695 12.411051526074177 44.41850322698232 25.493559681489753 40.25673358879927 58.73226010640644 77.60299190736299 13.56894549143962 54.1259869644451 17.351354883333062 59.959492098206994 29.115707241393796 32.18939434968714 72.81793908898206 13.670799767981121 32.53114957462943 67.9256914561168 65.40043867584386 15.337803604907949 33.63897227011307 61.09465790714632 74.01994710341842 70.38053008465698 65.42993939300099 22.538609799237193 87.14765448013375 58.208268055524336 92.67643461249637 48.296935703857415 54.64762553766563 81.98678077405067 56.765518516945136 99.88319134382438 49.16247178499173 63.39013194771373 33.73395978479926 82.4855178142727 45.01311007248105 75.52036295019586 36.82891219824552 50.9692095018095 61.791985608064806 94.37092326073474 30.9256751086211 47.2307863838643 70.37736777416951 36.450836073178536 88.68912059955561 91.39503472432567 12.304608821638151 31.618202159968817 19.67546438351475 57.291283168888675 73.92793663368519 97.99468896654668 93.9412141679095 78.63721512307457 81.65810586126054 7.452777713027061 79.48766670758563 35.173378319402545 76.75983595356219 85.05355227720152 26.134664278933826 64.51117232397789 89.66474436307726 31.714814553574705 29.69919977401201 82.02943644085995 84.45827108452207 25.929592123747273 9.270577893478265 6.993066296267026 97.14224368616597 22.614934098552915
5 0.053837388085223425 0.06100333098602484 80.427172186785 69.66258552391398 77.11649581731541 88.1747075832685 106.34479094798203 0.0 66.91878441528574 87.90930699632554 70.97249493032788 114.17952856034215 84.0410379180615 57.830308595721924 44.03194827792981 3.788304393549174 68.11171576067458 35.656488730692764 94.79657020124381 84.82154517392608 117.87946383491672 73.32275101472923 53.16252226713898 30.80327327042381 59.30820481735481 95.37567482673288 92.73455371469609 98.3508954062177 61.00657017965079 99.94481972587603 31.072030355172853 73.8751077166887 24.663560124230376 86.82972496661596 72.14832715314652 38.032770784857576 86.46136941910424 49.623372540007246 5.981739581725384 87.48774602837533 50.1197586396649 117.23452464856341 75.59714720048221 86.9563508135966 102.50626155123999 92.2080060763999 73.98348821127051 39.03193089772459 69.1617263889772 104.2152551144065 89.04653951907409 35.00085475745602 41.0973333413896 126.65609689339017 35.82193168513972 35.058285285999666 23.766706847935225 71.11177420725203 69.43002722738899 44.10946902374795 71.25809892053255 81.10862725581977 57.606312448192135 58.69906426880637 72.79437496570655 101.76962319160255 16.689122842453095 105.09232150537304 111.34069120837513 89.65988749740099 61.09158354744808 39.10031334090315 105.09170625558188 114.9988192349117 86.62426139096017 75.95266494639631 105.98679746781035 31.679935831392214 114.8150202158932 58.073549796822974 116.02887890190215 52.64068305097156 118.30615416957124 96.14818426103827 79.93188643352659 107.51178368920398 75.15945109479335 51.60932810635362 47.40969605652674 96.174036262522 74.63317221528327 63.97819403206001 43.953428059623754 95.15683895721267 48.2788893693293 86.27817620699304 84.01794180264335 64.00376551613728 45.567809489512825 115.50345427828029 90.27926955046638 24.916389786981355 64.28613336283081 87.45935647494109 108.15113294097488 49.72429110137765 87.51793201815839 62.02854281585882 82.95872577991852 65.34062617667692 72.09494574995855 55.39978362573342 71.77041963328419 18.54413855383943 105.25755612680187 63.89543603370451 41.99971187310525 104.64472392013755 76.76014508682744 51.68861396623042 110.13644473555092 112.97507545048302 91.56737209091426 49.18329631635823 69.79758050511072 61.13169150642466 23.256561949228843 28.333607629558603 28.168295098936714 98.91269156659907 28.45263363725483 110.05036879964392 62.594521422838575 33.02460853915633 80.25779724993092 51.836502289312456 45.66650418719798 76.13569953663864 81.70107525333655 30.593369290053246 22.431115792926303 84.05426967267549 102.80592020981798 101.30080280019142 93.17030744995193 84.43640970389673
6 0.7039760838404596 0.21953423347392897 30.6854763692397 85.61700570362382 13.67930434496306 36.157460213925624 76.95443095555702 66.91878441528574 0.0 54.37693672090621 81.17377863556868 58.01943948268751 55.218648426016316 61.14577907711577 43.681052723298265 69.62809070845188 71.65631860340439 64.42531041659703 27.87789670673744 35.02115708301387 71.20984550570722 16.596487787250982 77.30914803996085 36.36319933782151 13.407613243926225 73.80100997689472 82.64976735975496 67.32570765850593 48.17508136105587 67.07706114767731 42.97009946419193 51.70609529933612 67.27130362671787 62.988352585406645 9.224885150173352 42.4433111018732 32.27678138558245 27.48670008473706 66.62555808145017 25.324753865554435 17.203102876859973 71.15736403286141 15.459476582356851 89.04100886888227 76.44064693585551 97.45846788783528 18.825790982391368 68.73223608517432 67.73296736240316 55.32575968046734 49.462927064234 40.624713674610305 60.689710076339246 76.18053872409246 31.377086195810637 46.020170925523566 45.873917822255514 52.098607619668144 5.331604842876582 23.50557951561939 60.472262749169516 28.964446639711603 13.461500141938936 81.06450402160299 5.978030884881524 53.04506772234285 50.791579572629395 55.68072603092724 65.47344848847237 28.981438591392255 7.780023765925204 28.3039966987405 68.2469976771668 59.81265056980148 73.90198682794713 75.05941674727549 44.13655407514107 61.91176883282302 77.44120238437928 66.70093771056614 76.28733498965023 29.917687130608268 71.58756276301402 89.32136735901672 13.541711430963677 69.4671547992758 49.41758089156301 21.399623790295223 29.81329937773385 61.73869749500195 63.912703114368874 17.52209098213192 25.717735418536908 29.336440788273265 68.14124856726802 69.675211744003 19.274835312153993 78.95236660773082 25.349035174480257 58.54690947678397 31.123088729252274 57.19658823682927 22.329570500946794 28.65601119715684 50.418923665665915 29.127135727169772 82.36640650151196 7.114611669720016 33.1946662422625 2.262047103879563 64.3422160606424 50.18344472088082 15.31645721295327 48.374932107726345 57.226907472007696 66.00416392166099 31.808818980186455 53.54533237832677 14.945941176889391 20.288726731243152 72.82363169616941 64.30130270520846 74.84769480518759 45.69696045997256 3.998097344405502 22.02898831938975 43.868550008888505 56.44782260432139 41.922219638839096 70.95396954655364 44.44363454686281 59.38224806260881 4.385115977505028 34.01320767836272 57.81844069107611 71.66601339767217 23.504791393298675 49.65326615462312 71.34277582670289 67.62657891100775 57.98803282687308 51.854860322289994 68.77556917167198 76.21488084800394 30.793723630909085 65.34762191231091
7 0.5965355677940177 0.7525836310222407 25.302958521927305 55.86718973948663 64.52497216496393 24.846961083923023 22.79086806693738 87.90930699632554 54.37693672090621 0.0 49.05215861562103 38.281004421950904 5.712139484087472 38.94609894473052 43.92628299399755 88.40922919139412 39.95714685263728 60.807332374601444 60.01471956408143 22.943555189285085 31.607265722417623 38.48063384165156 59.22589034849127 64.23282291638832 45.26655062663898 20.955816744417493 34.18888551314189 13.104169150210964 27.893835191390043 13.436006892678234 57.30960182342304 15.430339900128425 71.52551654238609 12.20791042603715 62.26639398107024 49.92921742430426 28.4125683297844 42.87914930782975 83.90041532662346 73.0909605526954 60.623633156689635 30.722641406330336 41.12830072027995 46.94413969136804 22.10956637985043 54.9677937396843 72.5857348881331 61.80282759739198 34.6062168968541 23.151122041754718 7.608254305929818 53.48210747862902 53.54724280299305 41.72892853572399 66.4115350754314 52.88378290423511 65.34135050113123 18.753995814697824 59.120772470660214 55.76741022261172 25.088034033156365 27.89978671885409 64.49012781118158 59.108003468540545 55.603794032649226 21.704212382136685 73.15885086568373 24.236752662104628 25.49345684882664 77.15082421928275 59.82094925115828 58.71679085686239 17.310068233911263 37.44743694931809 26.735668464221074 37.12425945830629 44.2734463225511 62.10821399349874 27.245959089397747 43.743541829788384 28.134245457776224 38.29021894097849 32.01291539044626 41.12175318821666 51.37010029979889 19.632840834673576 13.064698729514626 45.53991158011567 43.903310995927924 8.581318809785634 25.16887553238252 38.30450706549059 52.05387072794434 51.64009232862276 53.660898828318246 21.422740533331865 65.85846916535013 52.12070487639723 70.10630223616467 40.29894284088871 35.55528630550124 64.78264290858185 33.99120871164456 78.49913529083638 37.36485820418747 41.744620258650336 37.41823450796321 59.74905483471281 23.820634168715493 52.86744152240838 28.143831934824547 34.35083980168634 39.38547759750147 74.15742583313866 22.832428306879184 37.7185033623711 49.17816278581606 26.026546504759267 66.6810282093239 68.65033319360276 22.4285907836681 28.89137578204896 24.464650900985962 39.13078387280579 51.50383235192244 75.22735055631512 73.10919596965 61.65335015122984 61.513919745966064 16.593025372938225 59.929574835781885 28.70777012678385 54.02339023786244 63.60439769762712 12.758413162904493 54.157262959844175 67.10663543142923 12.049445262223225 27.443740498455107 67.39548038125672 67.13214384017829 3.857270135523895 15.842493300630695 22.010485226284654 76.49717954800617 17.372736288866584
8 0.10628170922031155 0.7687879711444713 65.04229692711469 6.933080998589097 94.6486143589357 69.17202396691839 52.64699381325934 70.97249493032788 81.17377863556868 49.05215861562103 0.0 87.32669649873263 43.39951204964021 20.32736540623005 40.915755245459664 69.3033587515668 10.071994951794071 35.34512676815231 99.32698047962461 65.84028863341975 77.64379468900755 71.64137886657551 19.40321282201326 65.24682355104785 67.84677523488212 39.331553223438895 27.833046589230165 50.004089355260994 33.484446009186435 52.621157299260865 52.17138592746958 36.76960613115459 46.689734574792986 38.59691922566373 90.39155135699316 46.09502341481143 71.14220544526052 55.11464440818391 65.14714583215351 105.86598634909386 76.12525233605231 76.54360386546976 75.30683095431321 16.42103714270507 47.293965228558385 21.34816359200789 99.16562142044761 32.12931413934444 15.222214255563893 72.17539902158975 55.76649387980388 50.673214468806464 31.02941498835788 88.21801833373829 71.92174094364411 45.214082303492965 58.422891828420816 34.17853970744147 86.46130698162584 66.65456156927591 25.026772418525056 67.66831489919157 84.15345196519779 15.242355315589817 85.49131839872514 70.74901048844586 64.02782837869981 73.25702083083047 72.62736236404841 109.77418019213611 82.28791943943618 65.7801152051331 59.321077603565456 86.48359903529061 27.16788325338812 12.605692501957918 91.15768325381907 39.504637052533326 65.68318248691162 15.712011258115613 68.88524211624373 51.58997136655401 77.98064570120947 28.039961089106296 85.9242088081572 61.90491360492124 40.3273422159946 61.304311185522856 53.54602949195966 52.593252890102605 23.94850862541052 64.57122196218963 61.897143128811315 93.12804181416413 22.755509310227893 30.951435546361676 98.95447204871698 7.38594139891927 81.81099824676103 89.33808163020129 78.61785191614574 47.39567362146551 60.22314566572903 109.7763628015682 85.85687496231344 53.25992815679793 20.867274290721294 82.77959973656534 65.43676944918211 78.95621905132352 21.26100770389739 31.0759828013293 71.40251470676908 67.51527968909305 71.70944970844225 15.243253518528228 54.9031830495764 75.06333285330487 96.10451116177633 84.18983823999534 62.684082649631854 76.88734888367645 32.98307668849527 36.736570704718666 80.47882971751203 94.6260563074315 70.03424047145164 44.33938592312995 57.48894607201866 47.20488905510925 53.56329603640712 77.55563022616666 78.25154563448609 66.45872048584087 36.33627069777059 19.16156648183561 79.20962129412553 40.96001971306231 23.446239341266075 40.68172217327361 49.60128829480594 46.98534788459936 55.22639736043619 45.70395678271696 110.81584408743473 33.125056845495706
9 0.9787114852979599 0.7305586898109129 33.76498643114095 94.12107844983825 60.44040643387538 26.008432789611525 46.34183009405062 114.17952856034215 58.01943948268751 38.281004421950904 87.32669649873263 0.0 43.9293414438114 75.44228716781262 73.52933909929821 115.67235047962107 78.09196203891973 94.25438004121938 44.409168453857184 29.39398337365019 21.197849492872002 43.659922377707325 96.22667826503313 85.16802306528953 57.56803211828135 54.295376235201 69.6734917433714 41.498418449821116 61.79466301708555 39.098382460429875 83.51363529765081 51.92872487954858 103.25717590593277 49.55966494572436 61.30928781636422 77.75311656814064 28.127110002425688 64.56545917181678 111.53711608679033 63.15628271648765 72.45910429605493 21.996966291144517 43.107753081772714 84.17133543857032 50.073532023143805 91.68303243740182 70.14153054047884 96.31685260348557 72.70644310068266 15.335379218513316 31.81575404500599 79.65618492430313 87.39747799894407 20.169870502060082 83.8914990506439 81.53252167200851 90.41326101694344 55.13288785086763 60.21398507291291 72.87060289922753 62.966691230526685 33.32877105938033 71.41851337352013 96.73373968896102 55.189991730714084 16.577935028634347 97.74445266576006 14.293245746824473 20.160766295972962 66.41388603997277 65.7187658386872 77.44634600131309 34.04605734894829 2.538568825687985 63.7199797656638 75.35767221920496 17.723322446976475 94.43437616573664 36.664140007047244 80.81163916036789 33.066026782173026 61.70986577025994 21.33099502292909 76.05013939695375 46.84916615341717 32.71090927094248 48.59250377534427 63.38813640261962 66.77959788574836 36.480993614997296 63.40740419186681 51.28322855505224 71.29208199436394 35.429584341491285 89.56531633836705 58.558685536057986 57.579035464151204 90.12813516407562 82.09249966242079 2.054191073611083 26.919252814817014 94.72360783512637 50.0607168963043 69.13049239949862 7.80988171405808 64.47853961193998 74.31827643742858 65.12077774673995 31.22479047084925 57.94135306641293 66.29125565910702 68.185232577216 45.34119702390057 97.22393806540828 16.285285234495188 75.34804414821865 72.1848717055057 12.267616301793064 62.73408833592187 77.93354625312851 34.783580638669456 15.315748527045997 59.89163893719286 70.43649476782319 54.02690065877207 79.31540501082695 94.36630469783309 92.1574344515422 86.01656812482568 46.089241773327565 86.03850786634467 11.186227809695385 60.50278969898514 83.58007009105711 50.99644014338537 90.78335479408864 79.61744163784947 47.717212879867084 65.32373301125278 100.30680946010455 96.71129790994729 40.50678298008808 37.930209717205585 51.12491904892927 63.70199675238505 55.086425098163794
10 0.5397155779642809 0.7467233832189719 27.840506966939255 50.19452959110146 66.1761536544841 28.7514054656884 23.863637295516497 84.0410379180615 55.218648426016316 5.712139484087472 43.39951204964021 43.9293414438114 0.0 33.476477287868875 40.02032545608461 84.36098156914194 34.249826313228915 55.81580985174347 63.31977580295695 26.326506885013707 36.883565986347364 40.011435565438255 53.60688070110784 61.67141232676716 45.04204702010558 18.631003038216548 30.125092854814046 14.684947274262752 23.33076688837335 15.961727073948234 53.84439862350292 10.449851808242446 66.78647843239825 8.207310227268023 63.52870458223716 46.27973193929427 31.94051810095883 40.84653018210899 79.81989325162468 75.33259937837938 59.84277215318019 35.948834480880194 42.978225286584646 41.951175119503446 21.865570679353652 50.133552845871 73.77959354225729 56.60105437869356 28.895347567651363 28.84993963571908 12.615029376569359 50.10639917528972 48.53088826442185 47.14892587909863 64.45192939344282 48.98986247213383 61.9573385644908 13.650081298754706 60.178926751612835 54.16837594003216 19.39411755185682 30.57425297308656 64.4344713114599 53.4147521585555 57.02818048616193 27.35329774210657 69.75205639392435 29.936541957482 30.93112600777265 79.41458814524171 60.08525996470364 56.71472895549675 21.203828642750988 43.13627253131397 22.13107003645755 31.591558550944775 49.183858434546494 57.326802461026325 30.7799588720428 38.143109293683935 32.22963831082639 36.09723714956302 37.279832477819085 37.120998220012105 53.58053410866069 23.742365063181754 8.949328172063089 44.20088281086569 41.55816964035216 12.320005581229406 19.483734039688187 38.40521470199299 50.160800440710595 55.30361070890969 48.23723292122711 16.89544991548733 68.05793102964228 46.408591379241074 69.0440414165066 45.9388022762849 39.3481567109074 60.44674725864873 33.80825460136973 80.54974862618191 42.74797034168641 39.53082405841062 32.66125395316086 60.10252116528988 26.841875874892896 53.54103907784909 22.435355423449224 29.61188865375784 40.70975262285213 71.02056647120725 28.544108801407216 32.04114311279785 46.601992636643395 31.66430940951236 68.24918034453175 68.08616155527075 26.155510331793568 34.502988969974545 20.803173095173108 34.93662020476951 52.6538097313386 75.35792723172304 70.32343097804866 57.24005198305174 58.310732254673866 16.74295184420612 56.43333247581819 34.41941310675706 54.41225293438669 61.240203335996625 7.068450464594614 48.60505118899064 66.02512928093428 8.029267921659093 22.25196881521661 62.46266831254298 62.841965579969084 4.238077369754566 18.77897141572492 21.358868737461805 79.04824727590034 12.545631275776403
11 0.23389298346949638 0.6105617371617996 48.33287685822003 24.49374003518323 74.71914521724388 53.75809852435475 51.22478520193644 57.830308595721924 61.14577907711577 38.94609894473052 20.32736540623005 75.44228716781262 33.476477287868875 0.0 21.015445219945512 57.05712577507133 12.164785950326342 24.204783161021524 80.84961721901388 50.13558096021787 70.3412784134312 52.799101506453084 20.82450261344987 46.25470412868248 47.760422139492 38.849308303441646 34.96596298983331 45.10795138258395 15.03606942727843 47.32825717727027 33.730939242879344 23.770068385597874 36.17817416037798 32.56434851877926 70.33764906001286 26.82512225750632 54.92622018398207 34.79255514818587 52.54350401814973 86.08743163092431 55.848909513507095 69.38752777904014 56.480335677182126 32.224631997468975 46.627325441482405 39.59082579986909 78.93520757924091 23.808228435823096 11.454730737060823 61.22685656378288 43.9133164634239 31.574448597986134 17.26480930943475 80.62331322371539 52.4408384011638 26.80199422669433 40.931682246066984 20.456149704781147 66.39619458035534 46.48212852626564 15.202081327559627 50.72652458307676 63.82745132710051 22.184264301389238 65.68578515387144 59.32254983766996 47.570899074731905 62.303464031925294 64.3980358789371 89.93552258025689 62.00086219943157 45.913067174175836 53.641099834175435 75.10800788235075 28.943447834550355 18.97262429589495 76.03788939129359 26.992099614453103 62.162619618320136 5.959752969297407 64.45278090131549 31.369758322886405 70.73378355996897 38.940682579501626 66.78243137310474 56.30107298340927 26.91541635691571 40.996864893636264 33.22605824450132 45.25121523401615 17.685040754373336 44.99390789582913 41.69714112174356 75.43598402428677 14.785181740634224 29.360099133748868 79.30927983583366 18.00819589410715 61.84252413011186 77.33023806280002 62.06470971692796 32.92673802360389 40.90990794820492 89.79719835401907 72.48335714724249 32.94073683339438 30.243248716580567 62.507942684119996 49.30424186911658 58.90890369668538 14.703987991056941 10.986745601779095 52.36188770259578 50.477665892119816 61.30645865336999 6.57655075504956 34.80931148396703 63.40860989507764 76.09171988708606 63.98164400579729 58.10016146240774 67.80247683495993 34.2146353566607 16.458397053833565 60.67852835284402 74.33164123977245 52.15387688195161 29.520679612852746 39.157388708342076 44.18439091168021 35.560090076166745 67.11287997426287 58.08360943010259 47.1933398225398 27.228313208001897 15.35735734967307 59.16555451435352 27.838025116520072 23.971797695766057 30.905569184431975 35.40261455506881 35.74899552803668 50.26108863262368 45.22932654813914 91.18110516897279 28.614335599818542
12 0.3139747637993021 0.4162635070142715 41.08692766248161 43.88980390969618 57.31917967582181 48.31327401410688 62.72835128362725 44.03194827792981 43.681052723298265 43.92628299399755 40.915755245459664 73.52933909929821 40.02032545608461 21.015445219945512 0.0 44.48664369592847 33.14922733282627 22.36621657993861 67.32478438228978 44.62756070984372 74.45631895046407 39.8661476201613 33.6909320226326 25.6589335534194 30.569953601101595 52.662009349331676 53.38351276352126 54.42604348676427 17.329771066095525 55.94926239948709 14.465154289908128 29.959711820641893 29.77417264124711 43.296096678612635 52.52401737644132 6.701039134761719 47.843483889052365 16.19915817501868 39.9895754045336 69.0027042705829 35.53196392125238 73.73839328169522 43.29620898696483 53.081074286379824 59.24443780157112 60.59634344599988 60.109295487216194 25.94407405469853 31.370380143840265 61.76264681436032 45.61999070630801 11.324621452654904 17.265294982152252 83.71066264138256 31.47431816930072 8.973666869924482 22.547032440670947 27.37954356177029 48.619495909529064 25.837588465967382 29.52662605827836 42.6662764957462 43.96896106829931 37.74677786759605 48.9777669467434 59.42027955656647 30.15678461235541 62.7245156651405 67.967096689763 72.59659403166691 42.97856548295304 24.91730674767206 61.06475319778251 73.90922634058728 45.809351780763244 39.337345049009784 69.19912401636347 21.387180697258927 70.7862365767528 25.257698115228216 72.01791002540664 14.885740412084166 74.88031290122105 58.418741507169145 52.12644232740031 63.49802281593663 31.127667437866048 22.338168038797726 13.918869089088503 52.14481709391043 33.34185349661983 30.366521973998616 21.1595070507808 63.850443552100764 24.496757369105474 44.224050752853614 62.776381942582624 36.953738592154565 40.90711563391042 75.12201668259999 53.63401620000195 21.396167415709577 27.8010440934143 71.97394332973548 68.63816529105264 14.63454921640786 49.89134903242308 43.61508199344086 43.091826550701676 41.42665691404923 31.64165258880948 12.954122431287082 38.88233361354641 32.066551687423306 62.54225937781804 27.383267288949455 14.040489820726657 62.78025242781189 58.340848836143465 43.38113663614128 66.10479057803876 70.06896542537257 49.852345647752266 5.692998645144014 44.16880252047845 54.039987914285014 32.61332390060124 18.649854772661556 19.614472353598156 55.275591346684486 16.87814650323502 67.75453910573134 39.99613298061831 26.36569150052142 36.60397745626599 28.16889261155185 38.29404290632137 32.10395587716704 41.30430480909993 27.45373595316602 23.576534052802767 40.07840527260329 58.795076906018494 58.16058037937424 74.45586437210733 41.629330484369625
13 0.02162728872318298 0.08094410621934711 81.97493323690588 67.66977219290337 80.12829592857324 89.69779137671962 106.30742066981796 3.788304393549174 69.62809070845188 88.40922919139412 69.3033587515668 115.67235047962107 84.36098156914194 57.05712577507133 44.48664369592847 0.0 66.93874706767359 34.1727483252933 97.4883045008587 86.28137655414565 118.72586627241526 75.39797944161452 51.10033402421641 33.326501567691594 61.53230535502755 95.06002014980152 91.8112071817274 98.52159371489245 61.16319103345474 100.19538785771904 32.22479950929523 74.0909031975465 22.663887163145368 86.80526535387315 75.12241006138386 38.78270979313355 88.13472709516097 51.23248782073511 4.576444594353827 90.63935215363499 53.00415601630613 118.05028497521755 77.79042623425624 85.43792487518022 102.33331431421225 90.42771799674372 77.2481880675538 37.20434200979364 68.27037546263738 105.33568020718293 89.86142739156384 36.13207943422365 40.04903513928006 127.67510579643402 38.77805421153278 35.55275236815502 25.43110280434006 71.23337627972145 72.31043814480743 46.564379608658356 70.87933898066679 82.76913880609933 60.69396369376179 56.58032841093708 75.54038006474269 102.90916045347178 18.950368680602033 106.23436046587848 112.20111568214585 92.88930914525292 64.00537243626168 41.57349038734523 105.49663012824517 116.4184037150525 85.96606508378372 74.83836281229902 107.96049273892679 30.426915691934386 115.13558181678691 56.92046054566352 116.47569445244297 53.98951150790062 119.15178274267562 94.98542198128975 82.49568916827815 107.95503480809565 75.54138489579047 53.599455787624464 48.92210125840069 96.57285223571249 74.14763280005447 65.91862245786321 46.08817384082708 97.5764435029775 46.74966212271233 85.85091340860144 87.00816903780827 62.21958539534334 48.84600600761974 117.042845120483 92.19416232274502 24.396215486124444 65.98072738607104 90.74522883179218 109.79973982065107 51.205296740476214 86.405296341369 64.94065736326412 84.45350588386013 67.98681133031941 71.50466974681119 55.346986271836386 73.87512467549105 21.36124482809195 106.31442038239567 62.95553947980793 43.62207818183404 105.8946869323534 79.83860322417124 54.92544978018062 110.50575046826853 113.99075572711266 91.0428746392098 49.42564332729151 72.39711195281953 64.54870126389982 26.298182965898388 27.798284858241324 29.87033271932934 98.90088302168263 29.65831545670839 111.21828735660984 65.27801589081815 35.62809256093647 80.30703711138895 50.14204202520824 48.816535011706094 76.53047922439285 81.012104917568 28.67017239323642 21.90309976872139 84.56356113602564 103.08092903560144 101.09002058953895 96.342658100309 84.19234142065469
14 0.19780123958655893 0.7267322486748947 54.98446548431099 16.28392526097083 85.03183327872124 59.2266128157912 46.56905685962483 68.11171576067458 71.65631860340439 39.95714685263728 10.071994951794071 78.09196203891973 34.249826313228915 12.164785950326342 33.14922733282627 66.93874706767359 0.0 32.908388864752204 89.28756147930645 55.85609962622495 69.6695777487084 61.67443212724003 21.79974476994247 58.40292389554818 58.41794874805627 33.31627020730623 25.33907795152085 42.51560755784672 23.64777211745649 45.04158774933286 45.766627625369 26.914289055163948 44.94283645828634 30.41999213204054 80.88119084835131 38.97900618664641 61.122046161338716 46.21826909596597 62.545267673344505 96.1442355990508 67.5816439479356 68.60942055487203 65.33174387574984 20.10554707469653 41.42640598727722 27.449482478217607 89.86609213734751 30.93652667118276 5.396213361659073 63.097553690889676 46.35018241106022 43.71812079579641 27.02830336838577 80.215341957187 64.59891317729549 38.79914709743745 52.74896880995742 24.205328118200566 76.96801384522303 58.393780908386375 15.258696217653691 57.60357901262737 75.3192007930943 19.953584293256796 75.81030501272964 61.54427187967865 59.08982382307115 64.18461940194067 64.31933651813489 100.0822430112436 73.1460198803469 58.006797926055256 51.71128452507682 77.37097666767913 21.605890297804724 7.957660578945132 81.29500928259439 36.51413567549381 58.95190583864059 10.038306651290073 61.8419965820655 42.407424109639194 70.02719028002879 28.04955186540685 75.99862401613396 54.35591752834993 30.468210092690896 52.29422070308922 44.868454819215096 44.33138648761582 14.864805845336123 54.82637531382362 53.58927890286189 83.05610046238678 20.8169563095456 24.07717091930556 89.17573313674751 12.269066963777721 73.87625133064468 80.08111483826859 68.58126042343216 43.51479519754618 50.396212109679695 100.17877714278036 76.28728496578891 44.35032590660648 19.48387379022896 73.59414453974544 55.414354368015815 69.4606915880523 11.815060332340549 21.99344135129928 61.47522926310518 62.198922678252444 62.7697770003611 5.865124539154422 46.817304390983466 65.82863488767231 86.54958990188972 75.81998735190612 55.5128552745885 68.3518356873909 27.496713022379378 28.362093953053215 70.80375805791692 85.98631837474606 64.11332707180316 40.20450202977152 51.18671442501783 40.359428081074874 47.49623525487581 68.64192425755316 68.89049568134504 59.35763558737089 27.20582895623786 18.705421224274268 71.16013781210142 31.14841026923827 16.937589470117636 39.14626560262852 45.90989706733111 37.59814659977067 47.80828078106972 39.88145984992941 101.02136145497991 25.237964840313186
